54.609 73.475 19.896
52.739 76.825 19.078
51.294 77.015 22.064
55.573 79.202 20.149
54.030 82.399 21.963
53.407 80.858 24.816
57.488 83.706 23.139
56.730 85.564 26.577
56.306 82.752 28.334
60.423 85.907 27.826
60.050 85.915 31.809
59.494 82.635 31.883
63.801 85.615 32.838
63.464 83.352 35.883
62.919 80.498 34.212
67.253 82.814 36.436
67.294 79.324 38.178
66.705 77.591 35.310
71.114 79.048 38.226
71.782 75.290 37.609
70.516 75.121 34.472
75.514 75.577 36.537
75.651 73.333 33.325
73.695 75.578 31.824
78.968 74.878 32.036
78.518 74.924 28.151
76.486 77.557 28.541
81.730 76.725 26.993
81.528 79.090 23.897
83.422 78.387 21.251
78.183 79.609 22.048
79.145 82.035 19.159
81.084 79.923 17.388
76.114 81.520 16.750
77.674 82.509 13.243
79.343 79.594 12.864
74.575 81.200 11.151
76.150 80.160 7.787
77.529 77.448 9.153
72.881 78.350 6.726
74.242 75.373 4.545
75.454 73.795 7.148
71.005 73.259 4.300
72.360 69.565 4.231
72.938 69.657 7.527
69.026 67.606 4.600
70.182 64.398 6.530
70.460 66.160 9.295
66.722 62.839 7.514
67.652 61.348 11.048
67.776 64.379 12.388
64.157 60.466 12.523
64.562 61.201 16.413
64.108 64.488 15.858
60.891 60.365 17.293
59.886 62.908 20.059
59.610 65.614 18.100
56.296 61.623 19.792
53.710 64.125 18.698
53.679 64.430 15.326
49.921 64.344 19.443
48.505 67.577 17.699
46.311 69.949 18.807
51.353 69.958 16.729
49.392 72.784 14.995
49.229 73.790 18.396
49.581 75.120 12.629
46.643 73.528 10.657
44.745 76.124 9.889
47.929 72.189 7.701
46.280 71.139 4.358
45.568 74.386 3.704
49.712 70.939 2.647
51.665 71.954 5.853
51.928 69.730 8.397
55.269 73.424 6.387
54.434 75.117 9.838
54.708 72.414 11.909
57.819 76.785 10.732
57.348 77.034 14.595
57.539 73.729 14.821
61.011 77.674 15.794
60.927 75.471 19.010
61.145 72.576 17.334
64.657 75.579 20.084
65.150 71.964 21.545
65.220 70.450 18.542
68.948 72.446 21.807
69.932 69.553 23.891
70.289 71.832 26.334
66.300 68.531 24.930
66.859 67.543 28.734
67.254 70.634 29.828
63.128 67.386 29.783
63.175 68.538 33.549
63.649 71.771 32.722
59.405 69.062 34.361
59.666 71.889 37.113
60.217 74.444 34.976
55.861 72.522 37.385
55.575 76.308 38.363
56.446 77.475 35.318
51.747 76.669 37.844
51.312 80.391 36.544
52.778 79.811 33.579
47.734 79.760 35.143
47.783 81.905 31.853
49.703 79.678 30.226
44.464 80.813 30.088
45.018 82.038 26.319
46.644 79.424 24.953
41.530 80.960 24.887
42.226 80.469 21.068
43.638 77.438 21.593
38.563 79.250 20.854
39.611 75.529 20.498
40.876 75.450 23.618
36.180 73.967 21.371
37.104 70.754 23.344
38.175 72.470 26.056
33.524 70.078 24.654
34.066 68.529 28.214
35.321 71.285 29.631
30.450 69.188 29.474
30.765 69.652 33.324
32.119 72.707 33.066
27.169 70.988 34.059
27.668 73.523 37.066
29.227 75.805 35.158
24.120 74.929 36.656
24.627 78.755 36.901
26.308 78.739 34.001
21.259 79.616 35.224
22.284 82.476 32.799
23.856 80.457 30.601
18.937 82.568 30.908
18.688 83.587 27.263
18.377 80.407 25.625
16.196 85.831 26.916
19.549 87.788 26.980
20.717 85.408 24.932
18.765 90.546 24.517
21.010 91.645 21.750
18.323 91.428 19.357
21.904 95.162 22.184
25.175 93.442 21.147
24.102 93.494 17.926
27.525 96.496 20.994
29.586 95.900 17.577
26.815 96.345 15.681
31.424 98.737 18.136
34.319 96.539 19.529
34.014 98.545 22.438
34.434 93.067 20.056
37.178 90.630 21.476
38.157 92.759 23.905
34.513 88.684 23.427
35.892 88.455 27.058
35.756 91.792 27.481
32.476 87.665 28.735
32.476 87.157 32.404
31.174 84.029 32.091
35.709 86.124 34.193
34.678 83.698 37.087
33.594 81.097 35.241
38.218 82.112 37.502
37.387 78.513 38.956
36.441 77.353 35.934
40.997 77.012 38.605
40.287 73.256 37.784
39.358 74.003 34.660
43.953 72.378 36.909
43.701 69.787 33.954
42.694 72.069 31.697
47.465 69.869 33.022
47.252 69.172 29.179
46.015 72.264 28.591
50.929 69.812 28.043
52.790 66.673 29.579
52.751 64.760 26.805
56.484 67.781 28.937
58.144 65.766 25.978
56.655 67.328 23.184
60.628 63.453 25.152
63.142 63.950 22.574
62.293 67.167 22.622
66.947 64.492 22.798
69.436 65.876 20.998
69.984 67.661 17.921
72.998 64.391 21.592
74.660 64.289 18.088
73.610 66.425 15.692
78.478 64.723 17.404
78.630 63.947 13.550
77.201 66.827 12.543
82.228 65.141 12.699
81.747 66.238 8.981
80.143 69.072 9.904
85.287 67.927 8.794
84.778 70.959 6.378
82.801 72.624 8.498
87.976 72.925 7.434
86.843 76.658 7.114
84.918 76.573 9.887
89.901 78.206 8.915
88.329 81.320 10.713
86.754 79.526 13.110
