-1.819 3.204 0.000
0.000 0.000 0.000
0.651 -0.749 -3.219
0.977 3.771 0.001
4.731 3.877 -1.014
4.574 2.887 -4.232
5.467 7.666 -1.537
7.969 7.799 -4.513
5.930 6.784 -7.035
8.244 11.759 -5.330
9.163 11.694 -9.152
6.117 11.671 -10.594
10.249 15.381 -9.794
8.360 17.440 -7.042
7.308 15.007 -4.916
11.122 18.963 -5.098
9.772 19.597 -1.432
8.975 22.913 -1.525
6.181 17.944 -1.478
4.605 18.865 1.865
1.996 20.762 0.879
2.714 15.618 2.882
-1.011 16.686 3.221
-1.488 18.358 0.330
-3.004 13.437 2.423
-6.285 14.664 0.730
-5.080 16.321 -1.997
-7.739 11.464 -0.945
-9.954 12.776 -3.862
-7.700 14.504 -5.681
-10.415 9.667 -6.111
-10.793 11.136 -9.754
-7.885 12.885 -10.097
-10.101 8.100 -12.091
-8.163 9.586 -15.120
-5.553 11.147 -13.574
-6.354 6.514 -16.687
-3.120 7.964 -18.291
-1.568 9.143 -15.507
-0.979 4.911 -18.970
2.750 6.064 -18.496
2.772 6.808 -15.211
4.837 2.750 -18.466
7.682 3.457 -15.852
5.821 3.774 -13.027
9.221 -0.060 -15.201
9.993 -0.129 -11.389
6.879 0.436 -10.154
10.303 -3.907 -10.464
9.138 -4.242 -6.866
6.095 -5.712 -7.238
11.463 -7.189 -5.691
13.782 -5.551 -3.014
14.548 -8.171 -0.969
17.064 -5.156 -5.081
17.573 -1.480 -5.692
20.934 -1.164 -5.301
17.302 -1.001 -9.547
14.023 1.094 -10.037
13.284 2.034 -6.856
15.348 4.392 -11.556
12.661 7.095 -10.534
12.924 7.107 -7.146
14.384 10.527 -11.481
14.172 12.599 -8.182
15.459 10.352 -5.982
17.247 15.047 -8.533
15.995 17.959 -10.645
16.666 20.588 -8.639
18.842 18.380 -13.302
19.088 22.268 -13.805
20.256 23.184 -10.748
22.311 22.674 -15.899
23.956 25.993 -14.538
24.615 25.157 -11.297
27.551 25.946 -16.083
29.818 27.432 -13.241
29.056 25.301 -10.707
33.325 26.157 -14.090
35.021 25.296 -10.697
32.783 23.095 -9.362
37.981 22.926 -11.541
40.562 23.380 -8.764
39.114 25.825 -6.878
40.130 20.220 -6.406
36.344 20.303 -5.469
34.970 19.463 -8.461
35.808 16.959 -3.617
35.689 17.883 0.173
37.635 20.638 0.244
32.284 19.525 0.659
32.859 23.357 0.549
33.154 23.861 -2.768
29.441 24.947 1.111
29.376 28.228 -0.951
29.091 27.046 -4.127
25.934 29.707 -0.378
25.071 31.759 -3.619
24.785 29.283 -5.891
21.263 32.768 -3.212
19.833 32.342 -6.834
19.743 28.952 -7.044
16.071 33.073 -6.330
14.274 30.950 -9.130
14.814 27.766 -8.033
10.492 31.349 -8.369
8.966 27.808 -8.858
11.095 25.861 -7.058
5.829 27.817 -6.595
5.407 24.094 -5.444
2.025 23.767 -5.345
6.093 22.155 -8.513
3.465 19.313 -8.833
2.098 20.060 -11.868
5.296 16.029 -9.726
5.227 15.717 -13.531
2.547 13.719 -13.982
3.791 19.105 -14.715
0.578 18.138 -16.793
-1.267 16.430 -14.502
-1.398 21.503 -17.065
-5.065 20.530 -16.048
-4.463 18.987 -13.081
-6.567 23.854 -14.729
-8.711 22.859 -11.644
-6.580 20.851 -9.914
-8.706 26.090 -9.431
-9.934 24.826 -5.921
-7.304 22.857 -5.052
-9.256 27.899 -3.593
-8.046 26.278 -0.226
-5.315 24.587 -1.335
-6.267 29.213 1.615
-3.105 27.617 3.225
-1.506 26.341 0.495
-0.826 30.645 4.055
2.810 29.338 3.634
2.971 28.741 0.289
5.064 32.514 3.922
7.974 31.946 1.479
6.310 32.164 -1.475
